4
zlib_6 bzip2_9 snappy copy
3
411
1 278 1 19.5 2
2 111 1 6.5 0
3 80 2 7.5 1
4 37 0 1.5 1
5 24 0 0.5 1
6 13 2 0.5 1
7 12 1 4.5 0
8 9 1 1.5 0
-1 -1 -2 -2.0 0
10 11 1 2.5 0
-1 -1 -2 -2.0 2
-1 -1 -2 -2.0 0
-1 -1 -2 -2.0 1
14 19 1 2.5 1
15 18 2 6.5 1
16 17 2 1.5 1
-1 -1 -2 -2.0 1
-1 -1 -2 -2.0 1
-1 -1 -2 -2.0 0
20 21 2 3.5 1
-1 -1 -2 -2.0 1
22 23 1 3.5 1
-1 -1 -2 -2.0 1
-1 -1 -2 -2.0 1
25 30 1 1.5 2
26 29 2 2.5 2
27 28 2 1.5 1
-1 -1 -2 -2.0 2
-1 -1 -2 -2.0 1
-1 -1 -2 -2.0 2
31 36 2 5.5 0
32 33 2 0.5 0
-1 -1 -2 -2.0 2
34 35 1 3.5 0
-1 -1 -2 -2.0 0
-1 -1 -2 -2.0 0
-1 -1 -2 -2.0 2
38 53 2 0.5 1
39 52 1 4.5 0
40 47 0 7.5 0
41 44 0 3.5 0
42 43 1 3.5 0
-1 -1 -2 -2.0 0
-1 -1 -2 -2.0 1
45 46 1 1.5 0
-1 -1 -2 -2.0 0
-1 -1 -2 -2.0 0
48 51 1 1.5 0
49 50 0 8.5 0
-1 -1 -2 -2.0 0
-1 -1 -2 -2.0 0
-1 -1 -2 -2.0 0
-1 -1 -2 -2.0 1
54 69 0 8.5 1
55 62 0 4.5 1
56 59 2 6.5 1
57 58 1 1.5 1
-1 -1 -2 -2.0 1
-1 -1 -2 -2.0 1
60 61 1 4.5 1
-1 -1 -2 -2.0 0
-1 -1 -2 -2.0 1
63 66 2 5.5 1
64 65 2 4.5 1
-1 -1 -2 -2.0 1
-1 -1 -2 -2.0 1
67 68 2 6.5 1
-1 -1 -2 -2.0 1
-1 -1 -2 -2.0 1
70 73 0 9.5 1
71 72 1 1.5 3
-1 -1 -2 -2.0 3
-1 -1 -2 -2.0 0
74 77 1 5.5 1
75 76 1 1.5 1
-1 -1 -2 -2.0 1
-1 -1 -2 -2.0 1
78 79 2 3.5 0
-1 -1 -2 -2.0 1
-1 -1 -2 -2.0 0
81 110 1 5.5 0
82 103 0 8.5 0
83 96 1 3.5 0
84 91 1 2.5 0
85 88 2 8.5 0
86 87 0 7.5 0
-1 -1 -2 -2.0 1
-1 -1 -2 -2.0 0
89 90 1 1.5 2
-1 -1 -2 -2.0 0
-1 -1 -2 -2.0 2
92 93 0 5.5 0
-1 -1 -2 -2.0 0
94 95 0 6.5 0
-1 -1 -2 -2.0 1
-1 -1 -2 -2.0 0
97 98 0 0.5 2
-1 -1 -2 -2.0 0
99 102 2 8.5 2
100 101 0 6.5 1
-1 -1 -2 -2.0 2
-1 -1 -2 -2.0 0
-1 -1 -2 -2.0 2
104 109 1 1.5 0
105 106 0 9.5 3
-1 -1 -2 -2.0 3
107 108 2 8.5 1
-1 -1 -2 -2.0 2
-1 -1 -2 -2.0 1
-1 -1 -2 -2.0 0
-1 -1 -2 -2.0 1
112 189 1 11.5 0
113 140 0 1.5 0
114 131 0 0.5 0
115 120 2 5.5 0
116 119 2 0.5 0
117 118 1 9.5 0
-1 -1 -2 -2.0 0
-1 -1 -2 -2.0 2
-1 -1 -2 -2.0 0
121 126 2 7.5 0
122 125 1 9.5 0
123 124 1 7.5 0
-1 -1 -2 -2.0 0
-1 -1 -2 -2.0 0
-1 -1 -2 -2.0 0
127 128 1 8.5 0
-1 -1 -2 -2.0 0
129 130 1 9.5 0
-1 -1 -2 -2.0 3
-1 -1 -2 -2.0 0
132 139 2 3.5 2
133 134 2 1.5 0
-1 -1 -2 -2.0 2
135 138 1 7.5 0
136 137 2 2.5 0
-1 -1 -2 -2.0 0
-1 -1 -2 -2.0 2
-1 -1 -2 -2.0 0
-1 -1 -2 -2.0 2
141 170 0 8.5 0
142 157 2 7.5 0
143 150 2 0.5 0
144 147 0 2.5 0
145 146 1 9.5 0
-1 -1 -2 -2.0 0
-1 -1 -2 -2.0 0
148 149 1 9.5 0
-1 -1 -2 -2.0 0
-1 -1 -2 -2.0 1
151 154 2 5.5 0
152 153 1 7.5 0
-1 -1 -2 -2.0 0
-1 -1 -2 -2.0 0
155 156 1 7.5 0
-1 -1 -2 -2.0 0
-1 -1 -2 -2.0 0
158 165 1 8.5 0
159 162 1 7.5 0
160 161 0 3.5 0
-1 -1 -2 -2.0 0
-1 -1 -2 -2.0 0
163 164 2 8.5 0
-1 -1 -2 -2.0 0
-1 -1 -2 -2.0 0
166 169 1 10.5 0
167 168 0 5.5 3
-1 -1 -2 -2.0 0
-1 -1 -2 -2.0 3
-1 -1 -2 -2.0 0
171 178 0 9.5 0
172 173 1 10.5 0
-1 -1 -2 -2.0 0
174 177 2 3.5 3
175 176 2 1.5 0
-1 -1 -2 -2.0 3
-1 -1 -2 -2.0 0
-1 -1 -2 -2.0 3
179 184 2 8.5 0
180 183 2 0.5 0
181 182 1 9.5 0
-1 -1 -2 -2.0 0
-1 -1 -2 -2.0 0
-1 -1 -2 -2.0 0
185 186 1 7.5 0
-1 -1 -2 -2.0 0
187 188 1 9.5 0
-1 -1 -2 -2.0 2
-1 -1 -2 -2.0 0
190 245 2 8.5 0
191 222 0 8.5 0
192 207 0 1.5 0
193 200 0 0.5 0
194 197 1 16.5 0
195 196 2 7.5 0
-1 -1 -2 -2.0 0
-1 -1 -2 -2.0 0
198 199 2 1.5 0
-1 -1 -2 -2.0 2
-1 -1 -2 -2.0 0
201 204 1 16.5 2
202 203 2 6.5 2
-1 -1 -2 -2.0 2
-1 -1 -2 -2.0 2
205 206 1 17.5 2
-1 -1 -2 -2.0 3
-1 -1 -2 -2.0 2
208 215 1 16.5 0
209 212 2 0.5 0
210 211 1 12.5 0
-1 -1 -2 -2.0 0
-1 -1 -2 -2.0 0
213 214 2 6.5 0
-1 -1 -2 -2.0 0
-1 -1 -2 -2.0 0
216 219 2 5.5 0
217 218 2 0.5 0
-1 -1 -2 -2.0 2
-1 -1 -2 -2.0 0
220 221 2 7.5 0
-1 -1 -2 -2.0 0
-1 -1 -2 -2.0 0
223 234 0 9.5 0
224 229 1 14.5 3
225 226 1 12.5 2
-1 -1 -2 -2.0 3
227 228 2 6.5 2
-1 -1 -2 -2.0 2
-1 -1 -2 -2.0 2
230 231 1 16.5 3
-1 -1 -2 -2.0 3
232 233 2 5.5 3
-1 -1 -2 -2.0 2
-1 -1 -2 -2.0 3
235 240 1 16.5 0
236 239 2 0.5 0
237 238 1 13.5 0
-1 -1 -2 -2.0 0
-1 -1 -2 -2.0 0
-1 -1 -2 -2.0 0
241 244 2 5.5 0
242 243 2 3.5 0
-1 -1 -2 -2.0 0
-1 -1 -2 -2.0 2
-1 -1 -2 -2.0 0
246 261 1 12.5 2
247 252 0 5.5 0
248 249 0 2.5 0
-1 -1 -2 -2.0 0
250 251 0 4.0 0
-1 -1 -2 -2.0 3
-1 -1 -2 -2.0 0
253 256 0 7.5 0
254 255 0 6.5 1
-1 -1 -2 -2.0 1
-1 -1 -2 -2.0 2
257 258 0 8.5 0
-1 -1 -2 -2.0 0
259 260 0 9.5 0
-1 -1 -2 -2.0 3
-1 -1 -2 -2.0 0
262 265 1 13.5 2
263 264 0 9.0 2
-1 -1 -2 -2.0 2
-1 -1 -2 -2.0 0
266 271 0 4.5 2
267 268 0 1.5 2
-1 -1 -2 -2.0 2
269 270 1 14.5 2
-1 -1 -2 -2.0 3
-1 -1 -2 -2.0 2
272 275 0 5.5 2
273 274 1 17.5 1
-1 -1 -2 -2.0 1
-1 -1 -2 -2.0 2
276 277 0 7.5 2
-1 -1 -2 -2.0 2
-1 -1 -2 -2.0 2
279 376 0 8.5 2
280 335 1 24.5 2
281 314 1 21.5 2
282 301 2 8.5 2
283 292 2 7.5 2
284 285 0 2.5 2
-1 -1 -2 -2.0 2
286 289 0 3.5 2
287 288 1 20.5 2
-1 -1 -2 -2.0 0
-1 -1 -2 -2.0 2
290 291 2 6.5 2
-1 -1 -2 -2.0 2
-1 -1 -2 -2.0 2
293 294 0 2.5 2
-1 -1 -2 -2.0 2
295 298 0 3.5 2
296 297 1 20.5 2
-1 -1 -2 -2.0 3
-1 -1 -2 -2.0 2
299 300 0 6.5 2
-1 -1 -2 -2.0 2
-1 -1 -2 -2.0 2
302 303 0 2.5 2
-1 -1 -2 -2.0 2
304 309 1 20.5 0
305 306 0 5.5 0
-1 -1 -2 -2.0 0
307 308 0 6.5 2
-1 -1 -2 -2.0 2
-1 -1 -2 -2.0 0
310 313 0 7.5 2
311 312 0 4.5 2
-1 -1 -2 -2.0 2
-1 -1 -2 -2.0 2
-1 -1 -2 -2.0 0
315 326 0 3.5 2
316 317 0 2.5 2
-1 -1 -2 -2.0 2
318 319 1 22.5 2
-1 -1 -2 -2.0 2
320 323 2 3.5 1
321 322 1 23.5 1
-1 -1 -2 -2.0 1
-1 -1 -2 -2.0 2
324 325 2 4.5 1
-1 -1 -2 -2.0 0
-1 -1 -2 -2.0 1
327 328 2 8.5 2
-1 -1 -2 -2.0 2
329 334 0 5.5 2
330 331 0 4.5 2
-1 -1 -2 -2.0 2
332 333 1 22.5 2
-1 -1 -2 -2.0 2
-1 -1 -2 -2.0 0
-1 -1 -2 -2.0 2
336 355 1 25.5 2
337 348 0 3.5 2
338 345 0 2.5 2
339 340 0 0.5 2
-1 -1 -2 -2.0 2
341 344 0 1.5 2
342 343 2 3.5 3
-1 -1 -2 -2.0 2
-1 -1 -2 -2.0 3
-1 -1 -2 -2.0 2
346 347 2 3.5 3
-1 -1 -2 -2.0 3
-1 -1 -2 -2.0 0
349 350 2 7.5 2
-1 -1 -2 -2.0 2
351 354 0 5.5 2
352 353 0 4.5 2
-1 -1 -2 -2.0 2
-1 -1 -2 -2.0 3
-1 -1 -2 -2.0 2
356 367 2 7.5 2
357 366 0 1.5 2
358 359 0 0.5 2
-1 -1 -2 -2.0 2
360 363 2 6.5 2
361 362 2 0.5 2
-1 -1 -2 -2.0 2
-1 -1 -2 -2.0 2
364 365 1 27.5 2
-1 -1 -2 -2.0 3
-1 -1 -2 -2.0 2
-1 -1 -2 -2.0 2
368 369 1 26.5 2
-1 -1 -2 -2.0 2
370 375 1 27.5 2
371 374 0 6.5 2
372 373 2 8.5 2
-1 -1 -2 -2.0 2
-1 -1 -2 -2.0 3
-1 -1 -2 -2.0 2
-1 -1 -2 -2.0 2
377 396 0 9.5 2
378 395 1 24.5 2
379 384 2 6.5 2
380 383 2 0.5 2
381 382 1 21.5 2
-1 -1 -2 -2.0 3
-1 -1 -2 -2.0 2
-1 -1 -2 -2.0 2
385 394 1 23.5 2
386 387 1 20.5 2
-1 -1 -2 -2.0 2
388 391 1 21.5 3
389 390 2 7.5 2
-1 -1 -2 -2.0 3
-1 -1 -2 -2.0 2
392 393 2 8.5 3
-1 -1 -2 -2.0 2
-1 -1 -2 -2.0 3
-1 -1 -2 -2.0 2
-1 -1 -2 -2.0 3
397 398 2 6.5 2
-1 -1 -2 -2.0 2
399 404 1 20.5 2
400 401 2 7.5 0
-1 -1 -2 -2.0 0
402 403 2 8.5 2
-1 -1 -2 -2.0 3
-1 -1 -2 -2.0 2
405 406 1 26.5 2
-1 -1 -2 -2.0 2
407 408 2 8.5 2
-1 -1 -2 -2.0 2
409 410 1 27.5 0
-1 -1 -2 -2.0 0
-1 -1 -2 -2.0 2
